(People,21.87878510830143)
(your,17.503028086641145)
(stress.,13.127271064980858)
(methods,13.127271064980858)
((2013).,13.127271064980858)
(practitioners,13.127271064980858)
(Classification,13.127271064980858)
(Safety,13.127271064980858)
(disorder,,13.127271064980858)
(natural,13.127271064980858)
(genetics,11.910875740656365)
(personal,11.48671849953605)
(and,10.615710169877605)
(understand,8.751514043320572)
((i.e.,8.751514043320572)
(weight,8.751514043320572)
(times,8.751514043320572)
((e.g.,,8.751514043320572)
(shift,8.751514043320572)
(insufficient,8.751514043320572)

(1048576,[65,97,2379,3117,3122,3139,3159,3370,3371,3543,3551,3555,84049,96673,96727,97921,98256,107877,109267,120070,144015,174976,175868,203409,218901,257263,270252,276081,287731,318735,322239,342588,395847,413095,445170,494590,499918,504006,559452,565911,615371,616317,617755,626839,629148,638998,661354,672425,721999,724425,733444,748616,753672,806630,812037,863603,891047,891163,900039,951168,951481,977202,984916,988560,991957,1028626,1033917,1036911,1044860],[2.367123614131617,6.931471805599453,3.648057459593681,2.1664529186694654,9.879464756301342,3.9233170120469048,4.244002312197264,3.6433323125796937,3.060270794691562,3.6433323125796937,2.772588722239781,4.488885769002657,2.1664529186694654,3.311585222972468,2.3941047229627244,2.6925460145662448,2.367123614131617,5.098890341851143,2.3130563928613412,3.871201010907891,2.772588722239781,3.648057459593681,3.1780538303479458,2.3130563928613412,3.871201010907891,4.564348191467836,3.1780538303479458,3.4657359027997265,3.648057459593681,3.4657359027997265,4.564348191467836,4.564348191467836,4.332905837338931,1.6199092123013956,4.564348191467836,3.4657359027997265,3.648057459593681,4.6261127857226825,3.1780538303479458,3.1780538303479458,4.564348191467836,3.1780538303479458,2.6925460145662448,3.1780538303479458,4.1588830833596715,4.564348191467836,3.1780538303479458,4.1588830833596715,4.564348191467836,3.648057459593681,3.311585222972468,4.564348191467836,4.564348191467836,3.060270794691562,4.564348191467836,4.1588830833596715,4.564348191467836,6.623170445944936,2.6925460145662448,4.564348191467836,4.564348191467836,3.871201010907891,4.1588830833596715,4.564348191467836,4.564348191467836,9.128696382935672,4.1588830833596715,4.564348191467836,4.419917214328561])
(1048576,[0],[1.4733057381095203])
(1048576,[125137],[4.564348191467836])
(1048576,[65,97,3139,3365,3370,3543,3555,3707,6058,96727,96852,110182,185209,203409,236373,393254,413095,617755,676662,678147,762355,841736,842123,848243,859209,933495,943096,954201,1044860],[2.367123614131617,1.3862943611198906,1.9616585060234524,1.8235081675426352,2.4288882083864625,1.2144441041932312,1.4962952563342191,1.5686159179138452,2.2129729343043585,1.1970523614813622,1.9252908618525775,2.859600099229411,4.564348191467836,2.3130563928613412,2.859600099229411,4.1588830833596715,1.6199092123013956,2.6925460145662448,4.564348191467836,3.4657359027997265,4.564348191467836,4.564348191467836,4.1588830833596715,3.4657359027997265,4.564348191467836,4.1588830833596715,4.564348191467836,7.742402021815782,4.419917214328561])
(1048576,[641558],[4.564348191467836])
(1048576,[302,3122,3139,3159,3365,3366,3370,3543,3707,11875,34372,37492,84049,96727,96852,98256,99828,184361,198073,220149,331693,363588,404225,413957,446602,536537,565911,594265,596499,614489,616317,630482,743545,771302,858153,860176,861769,893524,900039,933424,933426,933438,933495,945347,979992,1043793,1044860],[4.564348191467836,1.6465774593835572,1.9616585060234524,4.244002312197264,1.8235081675426352,4.564348191467836,1.2144441041932312,1.2144441041932312,1.5686159179138452,4.564348191467836,3.871201010907891,3.871201010907891,2.1664529186694654,3.5911570844440863,3.850581723705155,2.367123614131617,3.311585222972468,4.564348191467836,4.564348191467836,4.564348191467836,4.564348191467836,4.1588830833596715,4.1588830833596715,4.564348191467836,4.1588830833596715,3.311585222972468,3.1780538303479458,3.4657359027997265,3.871201010907891,3.648057459593681,3.1780538303479458,4.564348191467836,4.564348191467836,4.564348191467836,4.1588830833596715,4.564348191467836,4.564348191467836,4.564348191467836,2.6925460145662448,6.939169178584024,3.060270794691562,4.1588830833596715,2.0794415416798357,4.564348191467836,4.564348191467836,4.1588830833596715,4.419917214328561])
(1048576,[0],[1.4733057381095203])
(1048576,[2373,3122,34372,96727,96852,149895,181420,198239,395847,453565,502586,714293,756529,818505,863748,899489,933424,946200,957806,977202,992640],[2.5494451709255714,1.6465774593835572,3.871201010907891,1.1970523614813622,5.775872585557733,7.296114919187362,4.1588830833596715,3.4657359027997265,2.1664529186694654,2.859600099229411,3.4657359027997265,4.564348191467836,4.564348191467836,3.871201010907891,4.564348191467836,3.871201010907891,2.3130563928613412,3.648057459593681,4.564348191467836,3.871201010907891,2.859600099229411])
(1048576,[0],[1.4733057381095203])
(1048576,[157812],[4.564348191467836])
(1048576,[3166,3370,3543,3555,6058,96748,114801,127899,278359,321984,435821,504006,524577,602331,674942,786085,865154,945114,992640,1008405],[7.742402021815782,1.2144441041932312,1.2144441041932312,2.9925905126684382,2.2129729343043585,3.1780538303479458,1.2321436812926323,4.564348191467836,3.871201010907891,3.871201010907891,4.564348191467836,2.3130563928613412,3.871201010907891,4.564348191467836,4.564348191467836,4.1588830833596715,4.564348191467836,4.564348191467836,5.719200198458822,4.1588830833596715])
(1048576,[900205],[4.564348191467836])
(1048576,[65,97,3122,3357,3365,3370,3555,3707,56738,96727,96748,97391,98261,114801,144015,176023,176364,211797,224040,230748,320894,355023,369985,395847,413095,520872,582087,611496,614691,683061,697387,733444,734962,750077,835465,844506,882856,939762,949826,957335,986100,1022644,1044860],[2.367123614131617,2.772588722239781,3.2931549187671143,3.311585222972468,3.6470163350852705,1.2144441041932312,2.9925905126684382,1.5686159179138452,3.648057459593681,1.1970523614813622,3.1780538303479458,3.871201010907891,4.564348191467836,1.2321436812926323,2.772588722239781,3.4657359027997265,3.648057459593681,2.859600099229411,4.564348191467836,4.564348191467836,4.1588830833596715,3.871201010907891,3.311585222972468,2.1664529186694654,1.6199092123013956,4.564348191467836,3.871201010907891,3.311585222972468,4.564348191467836,7.742402021815782,4.564348191467836,3.311585222972468,4.564348191467836,3.648057459593681,4.564348191467836,4.564348191467836,4.1588830833596715,4.564348191467836,4.564348191467836,4.564348191467836,4.564348191467836,4.564348191467836,2.9466114762190405])
(1048576,[739176],[4.564348191467836])
(1048576,[22074,45088,53764,293337],[3.871201010907891,4.564348191467836,3.648057459593681,3.648057459593681])
(1048576,[97,3139,3543,16546,34403,96727,98256,163600,181491,293503,325524,328284,363205,611496,615248,632460,644089,697038,707703,818418,860232,869536,897641,933495,997716],[1.3862943611198906,1.9616585060234524,1.2144441041932312,4.564348191467836,4.564348191467836,3.5911570844440863,2.367123614131617,2.618438042412523,3.871201010907891,3.871201010907891,4.564348191467836,2.6925460145662448,3.4657359027997265,3.311585222972468,4.564348191467836,4.564348191467836,4.564348191467836,4.564348191467836,4.1588830833596715,4.564348191467836,4.564348191467836,4.564348191467836,4.1588830833596715,2.0794415416798357,4.564348191467836])
(1048576,[97,2125,2167,3117,3122,3365,3370,3543,3555,3707,6058,37957,38822,47914,70825,84049,84947,96673,96727,96748,96852,97921,101423,104616,109267,110453,112584,114801,120070,163600,171435,173022,183892,207970,211843,256761,258869,278359,318735,321984,324495,388224,395847,399696,410732,413095,413342,417358,426549,441575,452453,453565,491325,492355,498939,500723,503762,504006,515039,524577,536537,560928,585798,588492,594265,595151,599132,617755,626837,627660,631403,649667,661354,679798,706113,737931,750858,762284,793568,795102,812451,831210,833128,871786,903197,903709,904416,927585,933424,933426,933495,946200,991865,1001144,1004698,1044860],[4.1588830833596715,3.4657359027997265,4.564348191467836,2.1664529186694654,3.2931549187671143,1.8235081675426352,4.857776416772925,8.50110872935262,1.4962952563342191,6.274463671655381,2.2129729343043585,4.564348191467836,4.564348191467836,3.648057459593681,3.060270794691562,2.1664529186694654,7.742402021815782,3.311585222972468,4.788209445925449,3.1780538303479458,5.775872585557733,2.6925460145662448,4.1588830833596715,4.1588830833596715,6.939169178584024,4.564348191467836,4.564348191467836,9.857149450341058,3.871201010907891,2.618438042412523,4.564348191467836,4.564348191467836,4.564348191467836,4.564348191467836,3.1780538303479458,4.564348191467836,4.1588830833596715,3.871201010907891,3.4657359027997265,3.871201010907891,4.564348191467836,3.1780538303479458,2.1664529186694654,4.564348191467836,5.098890341851143,6.4796368492055825,2.954910279033736,4.564348191467836,4.564348191467836,14.592229838374724,8.317766166719343,2.859600099229411,4.564348191467836,3.060270794691562,7.742402021815782,4.1588830833596715,4.564348191467836,2.3130563928613412,8.317766166719343,3.871201010907891,3.311585222972468,4.564348191467836,3.648057459593681,4.1588830833596715,3.4657359027997265,4.564348191467836,4.564348191467836,2.6925460145662448,5.909820558067472,4.564348191467836,4.1588830833596715,4.564348191467836,3.1780538303479458,4.564348191467836,3.871201010907891,4.564348191467836,4.1588830833596715,3.648057459593681,8.317766166719343,4.564348191467836,4.564348191467836,4.1588830833596715,4.564348191467836,4.564348191467836,3.871201010907891,2.954910279033736,8.317766166719343,4.564348191467836,2.3130563928613412,9.180812384074686,6.238324625039507,7.296114919187362,4.1588830833596715,4.564348191467836,4.564348191467836,2.9466114762190405])
(1048576,[0],[1.4733057381095203])
(1048576,[313075],[4.564348191467836])
(1048576,[45,97,3370,181884,410732,413095,754022,895193,1044860],[3.871201010907891,1.3862943611198906,1.2144441041932312,4.1588830833596715,2.5494451709255714,1.6199092123013956,3.648057459593681,4.564348191467836,2.9466114762190405])
(1048576,[53764,293337,525385],[3.648057459593681,3.648057459593681,4.564348191467836])
(1048576,[45,3122,3139,384301,413095,444117,492355,678147,900039,950239,1044860],[3.871201010907891,1.6465774593835572,1.9616585060234524,4.564348191467836,1.6199092123013956,4.1588830833596715,3.060270794691562,3.4657359027997265,2.6925460145662448,4.1588830833596715,4.419917214328561])
(1048576,[45,3117,3122,3371,3543,37492,496252,504006,667931,903197,1044860],[3.871201010907891,2.1664529186694654,1.6465774593835572,3.060270794691562,1.2144441041932312,3.871201010907891,4.564348191467836,2.3130563928613412,4.564348191467836,3.871201010907891,2.9466114762190405])
(1048576,[231800],[4.564348191467836])
(1048576,[97,2373,3117,3139,3159,3370,3555,3707,47914,96727,96852,107877,114801,119773,128371,163600,188011,203409,205180,249047,256773,263651,267787,328284,343303,349134,360050,366262,366331,378567,388224,391797,410732,471708,488219,504006,509706,547684,611496,635681,678453,758127,766577,830834,847599,938872,939989,942376,949009,968229,1010793,1044860],[1.3862943611198906,2.5494451709255714,2.1664529186694654,1.9616585060234524,4.244002312197264,1.2144441041932312,8.977771538005314,3.1372318358276905,3.648057459593681,1.1970523614813622,1.9252908618525775,5.098890341851143,4.928574725170529,4.564348191467836,4.564348191467836,2.618438042412523,4.564348191467836,4.6261127857226825,4.564348191467836,4.564348191467836,3.648057459593681,4.1588830833596715,4.564348191467836,5.3850920291324895,4.564348191467836,4.564348191467836,4.564348191467836,4.564348191467836,8.317766166719343,4.564348191467836,3.1780538303479458,4.564348191467836,2.5494451709255714,4.1588830833596715,4.564348191467836,2.3130563928613412,4.564348191467836,4.564348191467836,3.311585222972468,4.564348191467836,4.564348191467836,4.564348191467836,3.871201010907891,4.564348191467836,4.564348191467836,4.1588830833596715,4.564348191467836,4.564348191467836,4.1588830833596715,3.871201010907891,4.1588830833596715,1.4733057381095203])
(1048576,[0],[1.4733057381095203])
(1048576,[97,2373,3117,3122,3139,3159,3365,3370,3371,3543,3555,3707,19079,21608,23038,42147,47914,49512,96727,96852,97921,98256,99828,101577,103189,103314,104361,109267,114801,169854,189729,190385,195504,199555,203409,227099,236373,276081,295103,296037,344817,372382,374349,388224,393416,410732,413342,416106,441575,453565,491111,502586,507232,514655,536249,536251,596209,596306,611496,615036,636527,665152,682353,684951,687221,748067,754370,806630,814822,825493,831004,846225,875654,889728,931162,933480,934872,941302,960646,963154,992640,1012894,1044860],[9.704060527839234,2.5494451709255714,2.1664529186694654,4.939732378150671,1.9616585060234524,2.122001156098632,1.8235081675426352,3.6433323125796937,3.060270794691562,3.6433323125796937,4.488885769002657,9.41169550748307,4.564348191467836,4.564348191467836,4.564348191467836,4.1588830833596715,3.648057459593681,6.623170445944936,3.5911570844440863,1.9252908618525775,5.3850920291324895,2.367123614131617,3.311585222972468,4.077239094319162,9.128696382935672,8.317766166719343,7.742402021815782,2.3130563928613412,2.4642873625852646,4.564348191467836,4.564348191467836,4.564348191467836,4.564348191467836,4.564348191467836,4.6261127857226825,4.564348191467836,5.719200198458822,3.4657359027997265,7.296114919187362,4.564348191467836,3.871201010907891,4.1588830833596715,4.564348191467836,3.1780538303479458,8.317766166719343,2.5494451709255714,5.909820558067472,7.742402021815782,3.648057459593681,5.719200198458822,4.564348191467836,3.4657359027997265,9.128696382935672,4.564348191467836,3.871201010907891,3.871201010907891,4.564348191467836,4.564348191467836,3.311585222972468,4.564348191467836,4.564348191467836,3.871201010907891,3.871201010907891,4.564348191467836,3.648057459593681,4.564348191467836,4.564348191467836,3.060270794691562,4.564348191467836,4.1588830833596715,4.564348191467836,4.564348191467836,4.564348191467836,4.564348191467836,4.564348191467836,4.1588830833596715,4.564348191467836,4.564348191467836,4.1588830833596715,4.564348191467836,2.859600099229411,4.1588830833596715,1.4733057381095203])
(1048576,[142264],[4.564348191467836])
(1048576,[65,97,1941,3117,3139,3365,3370,3543,3555,3707,22074,49407,92143,96655,96727,96852,97921,100571,103066,107877,109267,114801,117487,175868,203409,236557,287446,293503,333736,337786,366331,369985,382710,384766,413095,424003,424503,460252,462542,504006,518355,536701,545966,616317,620664,624454,626839,655071,655252,672425,678147,682897,684335,713128,715990,718980,726586,754022,758125,758196,808482,836255,839629,897112,904416,906374,932213,933495,935943,938722,938872,968229,971440,971568,971776,992674,1010793,1044860],[7.101370842394851,5.545177444479562,3.871201010907891,4.332905837338931,1.9616585060234524,5.470524502627906,3.6433323125796937,6.072220520966156,7.481476281671096,4.705847753741535,3.871201010907891,4.564348191467836,4.1588830833596715,4.564348191467836,1.1970523614813622,3.850581723705155,2.6925460145662448,4.1588830833596715,2.954910279033736,2.5494451709255714,2.3130563928613412,3.696431043877897,3.871201010907891,3.1780538303479458,4.6261127857226825,4.564348191467836,9.128696382935672,3.871201010907891,4.564348191467836,4.564348191467836,8.317766166719343,3.311585222972468,4.564348191467836,4.564348191467836,4.859727636904187,4.564348191467836,4.1588830833596715,3.060270794691562,4.564348191467836,2.3130563928613412,4.564348191467836,4.1588830833596715,4.564348191467836,3.1780538303479458,7.296114919187362,4.564348191467836,3.1780538303479458,4.564348191467836,4.564348191467836,4.1588830833596715,3.4657359027997265,4.564348191467836,4.564348191467836,4.1588830833596715,4.564348191467836,4.564348191467836,4.564348191467836,3.648057459593681,4.564348191467836,4.564348191467836,4.564348191467836,4.1588830833596715,4.564348191467836,4.564348191467836,4.1588830833596715,8.317766166719343,4.564348191467836,4.1588830833596715,4.564348191467836,4.564348191467836,4.1588830833596715,3.871201010907891,4.1588830833596715,4.1588830833596715,4.1588830833596715,4.564348191467836,4.1588830833596715,1.4733057381095203])
(1048576,[0],[1.4733057381095203])
(1048576,[3117,3139,3365,101577,110249,123031,172441,203409,217609,263651,363205,574865,729179,751519,759896,806630,882159,906049,934738,949009,1009131],[4.332905837338931,1.9616585060234524,1.8235081675426352,2.038619547159581,4.564348191467836,4.564348191467836,3.871201010907891,2.3130563928613412,4.1588830833596715,4.1588830833596715,6.931471805599453,4.564348191467836,4.564348191467836,4.1588830833596715,4.564348191467836,3.060270794691562,4.564348191467836,4.564348191467836,4.564348191467836,4.1588830833596715,4.564348191467836])
(1048576,[97,2373,3122,3139,3159,3365,3370,3543,3555,3707,6202,84049,91744,91903,96727,96852,98256,98758,109267,114801,116825,117483,117487,125443,149895,163600,172150,172441,174976,181491,198239,211797,213513,233835,252491,363180,376816,383385,383387,390388,395847,410732,413089,413095,426675,427893,453565,475680,484528,514778,536537,552716,594265,631403,635168,684338,708114,710239,728747,733444,739664,750077,766577,778455,785460,803206,806630,891163,900039,939181,986241,1009510,1012894,1044860],[5.545177444479562,5.098890341851143,3.2931549187671143,1.9616585060234524,2.122001156098632,5.470524502627906,6.072220520966156,3.6433323125796937,2.9925905126684382,1.5686159179138452,4.1588830833596715,2.1664529186694654,3.648057459593681,4.564348191467836,5.985261807406811,1.9252908618525775,2.367123614131617,3.871201010907891,2.3130563928613412,4.928574725170529,4.564348191467836,4.564348191467836,3.871201010907891,9.128696382935672,3.648057459593681,2.618438042412523,4.564348191467836,3.871201010907891,14.592229838374724,7.742402021815782,3.4657359027997265,2.859600099229411,9.934755668917404,4.1588830833596715,4.564348191467836,4.1588830833596715,4.564348191467836,14.592229838374724,7.742402021815782,3.1780538303479458,2.1664529186694654,7.648335512776715,3.060270794691562,1.6199092123013956,4.564348191467836,4.1588830833596715,5.719200198458822,4.564348191467836,4.564348191467836,4.564348191467836,3.311585222972468,4.1588830833596715,3.4657359027997265,4.1588830833596715,4.564348191467836,9.128696382935672,4.1588830833596715,4.1588830833596715,4.1588830833596715,3.311585222972468,4.564348191467836,3.648057459593681,3.871201010907891,6.931471805599453,4.564348191467836,4.1588830833596715,3.060270794691562,3.311585222972468,2.6925460145662448,4.564348191467836,3.871201010907891,4.564348191467836,4.1588830833596715,1.4733057381095203])
(1048576,[0],[1.4733057381095203])
(1048576,[489729],[4.564348191467836])
(1048576,[53764,280489,293337],[3.648057459593681,3.871201010907891,3.648057459593681])
(1048576,[3123,3365,3370,3543,3555,62569,96852,114801,144015,211797,264006,280489,292471,348217,413095,485652,504006,556945,594265,626839,652173,664252,722914,724425,733444,759028,782182,933495,986274,993771],[3.648057459593681,1.8235081675426352,1.2144441041932312,2.4288882083864625,4.488885769002657,2.954910279033736,1.9252908618525775,3.696431043877897,2.772588722239781,2.859600099229411,4.564348191467836,3.871201010907891,4.564348191467836,3.648057459593681,1.6199092123013956,2.772588722239781,2.3130563928613412,4.564348191467836,3.4657359027997265,3.1780538303479458,4.564348191467836,3.648057459593681,4.564348191467836,3.648057459593681,3.311585222972468,4.564348191467836,4.564348191467836,2.0794415416798357,8.317766166719343,3.060270794691562])
(1048576,[0],[1.4733057381095203])
(1048576,[97,2373,2735,3122,3365,3370,3543,3551,3707,6058,7436,10429,13020,22074,36752,42147,44528,53057,71968,96727,98256,101577,107868,112680,114801,146172,149585,156679,160241,163600,192214,197929,236132,257865,277846,280489,328284,350976,355023,372382,379794,395847,408396,410770,414359,423212,428030,452453,453657,492355,499918,509713,512771,526961,530285,552716,580425,614489,617755,618875,626837,630075,631801,650560,655788,684643,705054,708114,719073,724425,733444,736246,748138,751231,754731,762626,769401,799300,808358,832304,887395,891178,897641,900039,910010,921090,933426,933495,946200,947758,949949,952361,954201,971568,978858,1044860],[6.931471805599453,2.5494451709255714,4.564348191467836,6.586309837534229,3.6470163350852705,2.4288882083864625,8.50110872935262,2.772588722239781,4.705847753741535,2.2129729343043585,4.564348191467836,4.564348191467836,4.1588830833596715,3.871201010907891,4.564348191467836,12.476649250079014,7.742402021815782,4.1588830833596715,4.564348191467836,8.379366530369536,2.367123614131617,6.115858641478743,4.564348191467836,4.564348191467836,6.160718406463161,4.564348191467836,4.564348191467836,4.564348191467836,4.564348191467836,2.618438042412523,4.564348191467836,4.564348191467836,4.564348191467836,4.564348191467836,4.564348191467836,7.742402021815782,2.6925460145662448,4.564348191467836,7.742402021815782,4.1588830833596715,4.564348191467836,2.1664529186694654,4.564348191467836,4.564348191467836,4.564348191467836,4.564348191467836,9.128696382935672,4.1588830833596715,4.564348191467836,3.060270794691562,3.648057459593681,3.871201010907891,9.128696382935672,4.564348191467836,2.954910279033736,4.1588830833596715,3.4657359027997265,3.648057459593681,2.6925460145662448,4.564348191467836,2.954910279033736,4.564348191467836,9.128696382935672,4.564348191467836,4.564348191467836,4.564348191467836,4.1588830833596715,4.1588830833596715,4.564348191467836,10.944172378781044,3.311585222972468,4.564348191467836,4.564348191467836,4.564348191467836,4.564348191467836,4.564348191467836,4.1588830833596715,4.564348191467836,4.564348191467836,4.564348191467836,4.564348191467836,4.1588830833596715,4.1588830833596715,2.6925460145662448,4.564348191467836,4.564348191467836,3.060270794691562,2.0794415416798357,3.648057459593681,4.564348191467836,4.564348191467836,4.564348191467836,3.871201010907891,4.1588830833596715,8.317766166719343,2.9466114762190405])
(1048576,[213235,766577],[4.564348191467836,3.871201010907891])
(1048576,[0],[1.4733057381095203])
(1048576,[2373,3117,3543,60227,80558,85143,96727,101577,107877,114801,116103,167498,226706,288916,291768,348217,441515,491873,586633,626837,652533,687203,700984,706937,718262,808244,879616,881977,907732,956584,957931,992559],[2.5494451709255714,2.1664529186694654,3.6433323125796937,4.564348191467836,4.564348191467836,4.564348191467836,1.1970523614813622,2.038619547159581,2.5494451709255714,2.4642873625852646,3.648057459593681,4.564348191467836,4.564348191467836,4.564348191467836,4.564348191467836,14.592229838374724,4.564348191467836,4.564348191467836,4.1588830833596715,5.909820558067472,4.564348191467836,4.564348191467836,4.1588830833596715,4.564348191467836,4.564348191467836,4.564348191467836,4.564348191467836,4.564348191467836,4.1588830833596715,4.564348191467836,4.564348191467836,4.1588830833596715])
(1048576,[0],[1.4733057381095203])
(1048576,[65,97,1941,3122,3365,3370,3543,3555,3707,28293,46677,47914,82123,84049,96673,96727,96748,101577,114801,197913,203099,203409,213513,241693,252347,320723,328284,363180,380539,383385,383387,388224,390388,410732,413095,425377,453565,453580,456729,480160,482840,485652,496627,508606,536105,569313,586064,592104,617755,626837,644349,687221,687746,698074,711441,714694,728747,813240,900039,947134,947136,964551,1015972,1037286,1044860],[2.367123614131617,2.772588722239781,7.742402021815782,1.6465774593835572,3.6470163350852705,3.6433323125796937,1.2144441041932312,2.9925905126684382,4.705847753741535,4.564348191467836,4.564348191467836,3.648057459593681,8.317766166719343,2.1664529186694654,9.934755668917404,3.5911570844440863,6.3561076606958915,6.115858641478743,6.160718406463161,13.693044574403508,4.564348191467836,9.252225571445365,13.246340891889872,4.564348191467836,4.564348191467836,4.564348191467836,2.6925460145662448,8.317766166719343,4.1588830833596715,3.648057459593681,3.871201010907891,3.1780538303479458,3.1780538303479458,10.197780683702286,3.2398184246027912,4.1588830833596715,5.719200198458822,4.564348191467836,4.564348191467836,4.564348191467836,4.564348191467836,2.772588722239781,4.564348191467836,3.311585222972468,4.1588830833596715,4.564348191467836,4.564348191467836,4.564348191467836,10.770184058264979,5.909820558067472,4.564348191467836,3.648057459593681,4.564348191467836,4.564348191467836,4.564348191467836,4.564348191467836,12.476649250079014,3.4657359027997265,5.3850920291324895,9.128696382935672,4.564348191467836,4.564348191467836,4.564348191467836,4.564348191467836,2.9466114762190405])
(1048576,[3123,3159,3555,72594,90714,96727,96852,97921,101577,105348,109267,119528,198986,214383,217387,226715,257169,302487,328284,458298,483834,485652,504006,594299,597592,733606,763314,784830,793144,899489,904706,910300,925732,978858,994352,1038721],[10.944172378781044,2.122001156098632,2.9925905126684382,4.564348191467836,4.564348191467836,1.1970523614813622,1.9252908618525775,2.6925460145662448,2.038619547159581,4.1588830833596715,2.3130563928613412,4.1588830833596715,4.564348191467836,4.564348191467836,4.564348191467836,4.564348191467836,4.564348191467836,4.564348191467836,2.6925460145662448,4.564348191467836,4.564348191467836,2.772588722239781,2.3130563928613412,4.564348191467836,4.564348191467836,4.564348191467836,4.564348191467836,4.564348191467836,4.564348191467836,7.742402021815782,4.1588830833596715,4.564348191467836,4.564348191467836,4.1588830833596715,4.564348191467836,4.1588830833596715])
(1048576,[0],[1.4733057381095203])
(1048576,[2130,2559,3122,3159,3211,3370,3371,3543,33239,109267,114801,144015,149895,162983,163600,176023,191929,203409,211797,233835,276081,323455,328284,330450,395847,410732,413089,413095,413224,413342,478621,488122,490350,504006,617755,831139,861635,922975,933424,977002,986241],[4.1588830833596715,4.564348191467836,1.6465774593835572,6.3660034682958955,4.1588830833596715,3.6433323125796937,3.060270794691562,2.4288882083864625,4.564348191467836,2.3130563928613412,6.160718406463161,2.772588722239781,3.648057459593681,4.564348191467836,2.618438042412523,3.4657359027997265,4.1588830833596715,4.6261127857226825,2.859600099229411,4.1588830833596715,3.4657359027997265,4.564348191467836,2.6925460145662448,8.317766166719343,2.1664529186694654,5.098890341851143,3.060270794691562,1.6199092123013956,3.1780538303479458,2.954910279033736,4.564348191467836,4.564348191467836,4.564348191467836,2.3130563928613412,2.6925460145662448,4.564348191467836,4.564348191467836,4.564348191467836,2.3130563928613412,4.564348191467836,3.871201010907891])
(1048576,[3543,211092,507109],[1.2144441041932312,2.772588722239781,4.564348191467836])
(1048576,[97,3117,3122,3365,3370,3371,6058,46795,84049,101577,203409,256773,276081,295103,320894,344817,402184,410732,413095,425377,508606,605179,617755,705681,751519,769401,859140,893593,900039,903709,904635,918756,944116,949040],[4.1588830833596715,2.1664529186694654,1.6465774593835572,5.470524502627906,1.2144441041932312,3.060270794691562,2.2129729343043585,4.564348191467836,2.1664529186694654,4.077239094319162,6.939169178584024,3.648057459593681,3.4657359027997265,3.648057459593681,4.1588830833596715,3.871201010907891,3.871201010907891,2.5494451709255714,1.6199092123013956,4.1588830833596715,3.311585222972468,4.564348191467836,2.6925460145662448,4.564348191467836,4.1588830833596715,4.1588830833596715,4.564348191467836,3.871201010907891,2.6925460145662448,2.954910279033736,4.1588830833596715,4.564348191467836,4.564348191467836,4.1588830833596715])
(1048576,[97,3117,3159,3365,3370,3543,3555,65838,81222,114801,163600,236621,328284,460486,477695,558186,559452,621227,836255,905357,1039497],[1.3862943611198906,2.1664529186694654,2.122001156098632,1.8235081675426352,1.2144441041932312,1.2144441041932312,1.4962952563342191,3.871201010907891,4.564348191467836,1.2321436812926323,2.618438042412523,4.1588830833596715,2.6925460145662448,4.1588830833596715,4.564348191467836,4.564348191467836,3.1780538303479458,4.1588830833596715,4.1588830833596715,4.564348191467836,4.1588830833596715])
(1048576,[280793],[4.564348191467836])
(1048576,[0],[1.4733057381095203])
(1048576,[97,3122,3139,3159,3268,3370,3543,3555,3707,36501,72315,84049,96727,96748,99828,104361,105348,107877,114801,115276,130856,172148,203409,211797,239659,246738,290508,301090,328284,347102,388224,395847,410732,413095,440997,453565,460486,471708,494590,498939,509296,526032,569482,617755,619977,692172,698946,733693,790139,806630,840420,852737,899489,904635,910913,917199,931573,933424,933480,1038721],[1.3862943611198906,1.6465774593835572,1.9616585060234524,2.122001156098632,4.564348191467836,3.6433323125796937,4.857776416772925,4.488885769002657,6.274463671655381,4.564348191467836,4.564348191467836,2.1664529186694654,1.1970523614813622,6.3561076606958915,3.311585222972468,3.871201010907891,4.1588830833596715,2.5494451709255714,7.392862087755794,4.564348191467836,4.564348191467836,4.1588830833596715,2.3130563928613412,2.859600099229411,4.564348191467836,4.564348191467836,4.564348191467836,4.564348191467836,5.3850920291324895,4.1588830833596715,3.1780538303479458,2.1664529186694654,2.5494451709255714,1.6199092123013956,4.564348191467836,2.859600099229411,4.1588830833596715,4.1588830833596715,3.4657359027997265,3.871201010907891,4.564348191467836,4.1588830833596715,4.564348191467836,2.6925460145662448,4.564348191467836,4.564348191467836,4.564348191467836,4.564348191467836,4.1588830833596715,3.060270794691562,4.564348191467836,4.564348191467836,3.871201010907891,4.1588830833596715,4.564348191467836,4.564348191467836,4.564348191467836,2.3130563928613412,4.1588830833596715,4.1588830833596715])
(1048576,[97,2373,3370,3543,3555,3707,96727,98256,114801,144015,203409,276081,276083,282434,282444,347360,388224,410732,414413,485573,504006,508606,515007,557417,562240,586633,611268,640813,706113,812833,825493,832521,849789,894302,903709,918682,966591,1028680,1044860],[4.1588830833596715,2.5494451709255714,2.4288882083864625,4.857776416772925,2.9925905126684382,1.5686159179138452,1.1970523614813622,2.367123614131617,6.160718406463161,2.772588722239781,2.3130563928613412,3.4657359027997265,4.564348191467836,4.564348191467836,4.564348191467836,4.564348191467836,3.1780538303479458,2.5494451709255714,4.1588830833596715,4.1588830833596715,2.3130563928613412,3.311585222972468,4.564348191467836,4.564348191467836,4.564348191467836,4.1588830833596715,4.564348191467836,4.564348191467836,3.871201010907891,4.564348191467836,4.1588830833596715,4.564348191467836,4.564348191467836,4.564348191467836,2.954910279033736,4.564348191467836,4.564348191467836,4.564348191467836,1.4733057381095203])
(1048576,[959657],[4.564348191467836])
(1048576,[65,97,2373,3117,3122,3365,3370,3543,3555,8947,39106,49512,62569,88298,96727,96852,103066,110182,114801,116103,163600,203409,226916,227979,230708,270252,297980,322865,348217,356502,363588,395847,411485,413095,460252,485652,502586,566800,571675,579074,580425,580737,682353,700984,701420,806630,818505,855554,887687,891122,922668,946954,975493,985385,1028378,1039652],[4.734247228263234,1.3862943611198906,2.5494451709255714,2.1664529186694654,3.2931549187671143,1.8235081675426352,2.4288882083864625,3.6433323125796937,2.9925905126684382,4.564348191467836,4.564348191467836,6.623170445944936,5.909820558067472,4.564348191467836,1.1970523614813622,1.9252908618525775,2.954910279033736,2.859600099229411,3.696431043877897,3.648057459593681,5.236876084825046,2.3130563928613412,4.1588830833596715,4.1588830833596715,4.564348191467836,3.1780538303479458,3.871201010907891,13.693044574403508,3.648057459593681,4.564348191467836,8.317766166719343,4.332905837338931,4.564348191467836,1.6199092123013956,3.060270794691562,2.772588722239781,3.4657359027997265,4.564348191467836,9.128696382935672,4.564348191467836,3.4657359027997265,4.564348191467836,7.742402021815782,4.1588830833596715,4.564348191467836,6.120541589383124,3.871201010907891,4.564348191467836,4.564348191467836,4.564348191467836,3.648057459593681,4.564348191467836,4.564348191467836,4.564348191467836,3.4657359027997265,4.1588830833596715])
(1048576,[944881],[4.564348191467836])
(1048576,[97,1572,1727,1784,2373,3122,3123,3159,3211,3357,3370,3543,3551,3676,3707,6058,9512,16723,34372,49512,56408,65838,70825,75477,84049,96511,96727,96852,99828,101577,103066,103504,109267,114801,117481,117694,175868,182051,182052,187324,209074,223678,224504,231981,236373,245790,270207,294750,297980,367960,376934,393416,408188,413095,413213,424324,427587,453565,460252,460501,467882,500097,525209,537010,549593,557014,564279,568940,580425,610067,626795,633559,650876,663361,671615,852815,859138,887050,891163,928626,933424,933426,933495,948996,986084,986099,990879,992640,995193,1044860],[12.476649250079015,4.564348191467836,4.564348191467836,4.1588830833596715,2.5494451709255714,1.6465774593835572,7.296114919187362,2.122001156098632,4.1588830833596715,3.311585222972468,2.4288882083864625,9.71555283354585,2.772588722239781,4.564348191467836,4.705847753741535,2.2129729343043585,4.564348191467836,3.871201010907891,3.871201010907891,3.311585222972468,4.564348191467836,3.871201010907891,3.060270794691562,4.1588830833596715,2.1664529186694654,12.476649250079014,2.3941047229627244,1.9252908618525775,3.311585222972468,2.038619547159581,2.954910279033736,4.1588830833596715,2.3130563928613412,7.392862087755794,3.4657359027997265,6.931471805599453,9.534161491043838,3.871201010907891,8.317766166719343,4.564348191467836,4.564348191467836,4.1588830833596715,4.564348191467836,4.1588830833596715,11.438400396917643,13.693044574403508,4.1588830833596715,3.648057459593681,3.871201010907891,4.564348191467836,4.1588830833596715,4.1588830833596715,4.564348191467836,6.4796368492055825,4.564348191467836,4.564348191467836,4.564348191467836,2.859600099229411,3.060270794691562,4.1588830833596715,4.1588830833596715,3.648057459593681,4.564348191467836,4.564348191467836,4.564348191467836,16.635532333438686,4.1588830833596715,4.564348191467836,3.4657359027997265,4.564348191467836,4.1588830833596715,4.564348191467836,3.1780538303479458,4.1588830833596715,3.871201010907891,4.1588830833596715,3.311585222972468,4.564348191467836,3.311585222972468,3.648057459593681,4.6261127857226825,3.060270794691562,2.0794415416798357,4.564348191467836,4.564348191467836,9.128696382935672,4.564348191467836,2.859600099229411,4.564348191467836,1.4733057381095203])
(1048576,[0],[1.4733057381095203])
(1048576,[65,97,2373,3452,3543,3551,3707,16723,48568,56738,59324,62569,65838,84049,91744,96417,96727,96852,97921,99828,103066,107348,113720,114801,117481,117694,144015,153306,174976,175868,176023,176364,182051,182052,204757,209072,211843,223678,226947,231981,236373,236621,244476,271009,276152,287731,295103,357944,379566,379568,383741,392452,401264,406663,413095,441575,460252,467882,470326,500097,540840,557014,559165,564279,573635,580425,585798,621227,626795,650876,672319,739741,766005,766007,832349,832976,852815,898489,910646,928626,951382,969591,1042122,1042337,1044860],[2.367123614131617,4.1588830833596715,7.648335512776715,4.564348191467836,3.6433323125796937,2.772588722239781,7.843079589569227,3.871201010907891,4.564348191467836,7.296114919187362,4.564348191467836,5.909820558067472,3.871201010907891,2.1664529186694654,3.648057459593681,4.564348191467836,4.788209445925449,3.850581723705155,10.770184058264979,3.311585222972468,5.909820558067472,8.317766166719343,3.871201010907891,9.857149450341058,3.4657359027997265,6.931471805599453,2.772588722239781,4.564348191467836,3.648057459593681,9.534161491043838,3.4657359027997265,3.648057459593681,3.871201010907891,16.635532333438686,4.564348191467836,4.564348191467836,6.3561076606958915,4.1588830833596715,7.742402021815782,4.1588830833596715,2.859600099229411,4.1588830833596715,4.564348191467836,4.564348191467836,4.1588830833596715,3.648057459593681,7.296114919187362,4.1588830833596715,4.564348191467836,7.742402021815782,4.564348191467836,4.564348191467836,4.564348191467836,4.564348191467836,3.2398184246027912,3.648057459593681,3.060270794691562,4.1588830833596715,3.871201010907891,3.648057459593681,4.564348191467836,16.635532333438686,9.128696382935672,8.317766166719343,4.564348191467836,3.4657359027997265,3.648057459593681,4.1588830833596715,4.1588830833596715,3.1780538303479458,9.128696382935672,3.871201010907891,4.564348191467836,4.564348191467836,4.564348191467836,4.564348191467836,4.1588830833596715,4.1588830833596715,4.564348191467836,3.648057459593681,4.564348191467836,4.564348191467836,4.564348191467836,4.564348191467836,4.419917214328561])
(1048576,[97,3122,3365,3370,3521,3543,3555,3707,47797,53057,54451,66160,96727,96852,97921,98256,101577,102230,102777,114801,144015,151750,174222,187016,224665,236373,237143,246388,270252,355023,379568,395847,413095,413224,420147,421125,429882,443603,504006,644087,675928,694662,722458,722582,733444,739741,740228,778455,903197,903709,933424,971776,986761,993771,1026446,1044860],[4.1588830833596715,3.2931549187671143,5.470524502627906,1.2144441041932312,4.564348191467836,3.6433323125796937,2.9925905126684382,1.5686159179138452,4.564348191467836,4.1588830833596715,4.564348191467836,4.564348191467836,1.1970523614813622,5.775872585557733,2.6925460145662448,2.367123614131617,2.038619547159581,3.871201010907891,4.564348191467836,1.2321436812926323,5.545177444479562,4.1588830833596715,4.564348191467836,4.564348191467836,4.564348191467836,5.719200198458822,4.564348191467836,4.1588830833596715,3.1780538303479458,3.871201010907891,3.871201010907891,4.332905837338931,3.2398184246027912,3.1780538303479458,4.564348191467836,4.564348191467836,4.1588830833596715,4.564348191467836,6.939169178584024,4.564348191467836,4.564348191467836,4.564348191467836,4.564348191467836,4.564348191467836,3.311585222972468,11.613603032723674,4.564348191467836,3.4657359027997265,3.871201010907891,2.954910279033736,6.939169178584024,4.1588830833596715,4.564348191467836,3.060270794691562,4.564348191467836,1.4733057381095203])
(1048576,[3159,551001,730887,932258],[2.122001156098632,4.1588830833596715,4.564348191467836,4.1588830833596715])
(1048576,[294785],[4.564348191467836])
(1048576,[97,2379,3122,3139,3370,3543,3555,3707,44595,49396,61212,81406,84049,90809,96727,98256,98758,101577,107877,111914,114801,149826,179454,181420,213513,227979,275912,290211,348650,383385,410732,413095,425030,427893,438408,443849,453034,453565,467230,472394,492355,495668,509713,536105,544407,567255,583169,592343,596464,609618,611496,629846,651892,663361,724425,747346,750077,774702,779896,829572,844378,898489,905484,935258,960646,984443,992640,1015540,1037907,1042326],[5.545177444479562,3.648057459593681,3.2931549187671143,1.9616585060234524,2.4288882083864625,2.4288882083864625,8.977771538005314,3.1372318358276905,4.564348191467836,4.564348191467836,4.564348191467836,4.564348191467836,2.1664529186694654,4.564348191467836,2.3941047229627244,7.101370842394851,3.871201010907891,2.038619547159581,2.5494451709255714,4.1588830833596715,1.2321436812926323,4.564348191467836,4.1588830833596715,4.1588830833596715,3.311585222972468,4.1588830833596715,4.564348191467836,4.1588830833596715,4.564348191467836,3.648057459593681,2.5494451709255714,1.6199092123013956,4.564348191467836,4.1588830833596715,4.564348191467836,4.564348191467836,4.564348191467836,2.859600099229411,4.564348191467836,4.564348191467836,3.060270794691562,9.128696382935672,3.871201010907891,8.317766166719343,4.564348191467836,4.564348191467836,4.1588830833596715,4.564348191467836,4.564348191467836,4.564348191467836,6.623170445944936,4.564348191467836,4.564348191467836,4.1588830833596715,3.648057459593681,4.564348191467836,3.648057459593681,13.693044574403508,4.564348191467836,4.564348191467836,4.564348191467836,4.1588830833596715,4.564348191467836,4.564348191467836,4.1588830833596715,4.564348191467836,5.719200198458822,4.564348191467836,4.564348191467836,4.564348191467836])
(1048576,[378531],[4.564348191467836])
(1048576,[97,1941,2125,2379,3122,3159,3357,3365,3370,3543,3555,3707,82123,84049,96727,96852,97921,98758,99828,102929,109267,110182,114801,181491,213513,330450,332546,351979,357944,383387,390388,395847,410732,413224,451764,453565,460252,463792,504006,528001,557408,588490,588492,628360,674550,712153,746179,750077,750858,778455,813240,891163,897326,1036517,1043793,1044860],[4.1588830833596715,3.871201010907891,3.4657359027997265,7.296114919187362,1.6465774593835572,2.122001156098632,6.623170445944936,1.8235081675426352,2.4288882083864625,2.4288882083864625,5.9851810253368765,6.274463671655381,4.1588830833596715,2.1664529186694654,1.1970523614813622,3.850581723705155,2.6925460145662448,3.871201010907891,6.623170445944936,3.871201010907891,2.3130563928613412,2.859600099229411,3.696431043877897,3.871201010907891,3.311585222972468,4.1588830833596715,4.564348191467836,4.564348191467836,4.1588830833596715,3.871201010907891,3.1780538303479458,2.1664529186694654,2.5494451709255714,6.3561076606958915,4.564348191467836,2.859600099229411,3.060270794691562,4.564348191467836,2.3130563928613412,4.564348191467836,4.564348191467836,3.871201010907891,4.1588830833596715,4.564348191467836,4.564348191467836,4.564348191467836,4.1588830833596715,3.648057459593681,4.1588830833596715,6.931471805599453,3.4657359027997265,3.311585222972468,4.564348191467836,4.564348191467836,4.1588830833596715,1.4733057381095203])
(1048576,[51629],[4.564348191467836])
(1048576,[70825,113747,114801,132119,240282,408731,601662,764451,776905,789351],[3.060270794691562,4.564348191467836,1.2321436812926323,4.564348191467836,4.564348191467836,4.564348191467836,4.564348191467836,4.564348191467836,4.564348191467836,4.564348191467836])
(1048576,[97,2373,3117,3139,3365,3370,3543,3555,3707,6058,18570,19197,21230,62569,70825,84049,84947,95107,96727,101577,107877,109700,111914,114801,167969,172881,198239,199261,226753,255016,263939,288154,372292,372633,393062,402961,402976,414413,420872,460252,485652,490262,504006,506980,536537,547947,579076,609534,616317,625771,670363,705132,707441,790139,831210,838121,848243,859138,891178,900039,900490,903709,904637,932258,933424,950165,1032844,1036151,1044860],[1.3862943611198906,2.5494451709255714,4.332905837338931,1.9616585060234524,9.117540837713175,2.4288882083864625,3.6433323125796937,1.4962952563342191,3.1372318358276905,2.2129729343043585,4.1588830833596715,13.693044574403508,4.564348191467836,2.954910279033736,3.060270794691562,2.1664529186694654,7.742402021815782,9.128696382935672,3.5911570844440863,2.038619547159581,5.098890341851143,4.564348191467836,4.1588830833596715,13.553580494218956,9.128696382935672,4.564348191467836,3.4657359027997265,4.564348191467836,9.128696382935672,4.564348191467836,4.1588830833596715,4.564348191467836,4.1588830833596715,4.564348191467836,4.564348191467836,4.564348191467836,4.564348191467836,8.317766166719343,8.317766166719343,3.060270794691562,2.772588722239781,4.564348191467836,2.3130563928613412,9.128696382935672,3.311585222972468,4.564348191467836,7.742402021815782,4.564348191467836,3.1780538303479458,4.564348191467836,4.564348191467836,4.564348191467836,4.564348191467836,4.1588830833596715,4.1588830833596715,4.564348191467836,3.4657359027997265,3.311585222972468,4.1588830833596715,2.6925460145662448,4.564348191467836,5.909820558067472,4.564348191467836,4.1588830833596715,2.3130563928613412,4.564348191467836,4.564348191467836,4.564348191467836,1.4733057381095203])
(1048576,[0],[1.4733057381095203])
(1048576,[179748,211092],[4.564348191467836,2.772588722239781])
(1048576,[97,2125,3370,114801,176023,309351,372292,470474,933424,993771,1044860],[1.3862943611198906,3.4657359027997265,1.2144441041932312,1.2321436812926323,3.4657359027997265,4.564348191467836,4.1588830833596715,4.564348191467836,2.3130563928613412,3.060270794691562,1.4733057381095203])
(1048576,[211092,268614],[2.772588722239781,4.1588830833596715])
(1048576,[65,97,3123,3139,3304,3357,3370,3371,3555,72812,85609,91744,96727,96748,98256,101577,102230,107877,109267,110182,113890,134027,150676,160061,181884,183969,263935,264197,277716,307107,318735,350483,364059,364699,384303,388795,413095,413224,485652,499409,527379,678147,754022,841906,887611,890929,933495,959481,1028378,1028705,1032349,1044860],[4.734247228263234,1.3862943611198906,3.648057459593681,11.769951036140714,4.564348191467836,3.311585222972468,1.2144441041932312,9.180812384074686,2.9925905126684382,4.564348191467836,4.564348191467836,3.648057459593681,1.1970523614813622,3.1780538303479458,4.734247228263234,2.038619547159581,3.871201010907891,10.197780683702286,2.3130563928613412,2.859600099229411,4.564348191467836,4.1588830833596715,4.564348191467836,4.564348191467836,4.1588830833596715,4.564348191467836,8.317766166719343,4.564348191467836,4.564348191467836,4.1588830833596715,3.4657359027997265,4.564348191467836,4.564348191467836,4.564348191467836,9.128696382935672,9.128696382935672,3.2398184246027912,3.1780538303479458,2.772588722239781,4.564348191467836,4.564348191467836,3.4657359027997265,14.592229838374724,4.564348191467836,4.1588830833596715,4.564348191467836,4.1588830833596715,4.1588830833596715,3.4657359027997265,4.564348191467836,4.564348191467836,2.9466114762190405])
(1048576,[985522],[4.564348191467836])
(1048576,[65,3117,3543,3555,3707,6960,98256,114801,211797,246388,265466,388224,485573,579076,661354,1044003],[2.367123614131617,2.1664529186694654,2.4288882083864625,1.4962952563342191,1.5686159179138452,4.564348191467836,2.367123614131617,1.2321436812926323,2.859600099229411,4.1588830833596715,4.564348191467836,3.1780538303479458,4.1588830833596715,3.871201010907891,3.1780538303479458,4.564348191467836])
(1048576,[0],[1.4733057381095203])
(1048576,[2718,3543,73513,96673,96727,200701,400776,552698,559452,639776,658477,766076,848617],[9.128696382935672,7.286664625159387,4.564348191467836,19.86951133783481,2.3941047229627244,9.128696382935672,27.386089148807017,4.564348191467836,3.1780538303479458,9.128696382935672,4.564348191467836,13.693044574403508,13.693044574403508])
(1048576,[73110,96727,193380,332440,369985,404225,405589,446602,520532,626837,648786,658425,897324],[4.564348191467836,2.3941047229627244,4.564348191467836,4.564348191467836,3.311585222972468,4.1588830833596715,4.564348191467836,4.1588830833596715,4.564348191467836,2.954910279033736,4.564348191467836,3.648057459593681,4.564348191467836])
(1048576,[172148,209520,680848,959184],[4.1588830833596715,4.564348191467836,4.564348191467836,4.1588830833596715])
(1048576,[233260,276597,369985,537687,1046073],[4.564348191467836,4.564348191467836,3.311585222972468,4.564348191467836,4.564348191467836])
(1048576,[211092,254019],[2.772588722239781,4.564348191467836])
(1048576,[96727,118996,207419,585798,626837,824345,973611],[1.1970523614813622,4.564348191467836,4.564348191467836,3.648057459593681,2.954910279033736,4.564348191467836,4.564348191467836])
(1048576,[65,97,3117,3365,3370,101577,114801,132131,211797,344328,366260,369985,385481,413089,413095,441575,620664,893593,949040,977202,1044860],[2.367123614131617,1.3862943611198906,2.1664529186694654,1.8235081675426352,2.4288882083864625,2.038619547159581,1.2321436812926323,4.564348191467836,2.859600099229411,4.564348191467836,4.564348191467836,3.311585222972468,9.128696382935672,3.060270794691562,3.2398184246027912,3.648057459593681,3.648057459593681,3.871201010907891,4.1588830833596715,3.871201010907891,4.419917214328561])
(1048576,[96727,163600,422304,423103,534014,766027],[1.1970523614813622,2.618438042412523,4.564348191467836,4.564348191467836,4.564348191467836,4.564348191467836])
(1048576,[211092,766827],[2.772588722239781,4.1588830833596715])
(1048576,[386278],[4.564348191467836])
(1048576,[96727,229000,536390],[1.1970523614813622,4.564348191467836,4.564348191467836])
(1048576,[97,3370,3543,3555,44528,84049,96852,97921,102230,102929,109267,113720,114801,134027,160066,188443,198239,203409,294750,327714,413095,510249,550766,563024,565024,573392,617755,626839,626852,754022,766827,799114,858153,866023,882439,887611,900039,904814,909968,915108,933438,933495,991865,1044860],[2.772588722239781,3.6433323125796937,2.4288882083864625,4.488885769002657,3.871201010907891,2.1664529186694654,3.850581723705155,2.6925460145662448,3.871201010907891,3.871201010907891,2.3130563928613412,3.871201010907891,2.4642873625852646,8.317766166719343,4.564348191467836,4.564348191467836,3.4657359027997265,2.3130563928613412,3.648057459593681,4.564348191467836,1.6199092123013956,4.564348191467836,4.564348191467836,4.564348191467836,4.564348191467836,4.564348191467836,2.6925460145662448,3.1780538303479458,4.564348191467836,3.648057459593681,4.1588830833596715,4.564348191467836,4.1588830833596715,4.564348191467836,4.564348191467836,4.1588830833596715,5.3850920291324895,4.564348191467836,3.871201010907891,4.564348191467836,4.1588830833596715,2.0794415416798357,4.1588830833596715,7.366528690547601])
(1048576,[0],[1.4733057381095203])
(1048576,[97,2379,3122,3365,3370,3707,48367,74348,99339,106696,109270,117481,155724,164690,542583,619928,687221,705054,809773,849213,891038,895304,905202,933426,1023290,1044966],[2.772588722239781,3.648057459593681,1.6465774593835572,1.8235081675426352,1.2144441041932312,1.5686159179138452,4.564348191467836,4.564348191467836,4.564348191467836,4.564348191467836,4.564348191467836,3.4657359027997265,4.564348191467836,4.564348191467836,4.564348191467836,3.648057459593681,3.648057459593681,4.1588830833596715,4.564348191467836,4.564348191467836,4.564348191467836,4.564348191467836,3.871201010907891,3.060270794691562,4.564348191467836,4.564348191467836])
(1048576,[97,3370,3543,3707,72752,114801,203409,463486,677164,714408,817228,933495],[1.3862943611198906,1.2144441041932312,1.2144441041932312,1.5686159179138452,4.564348191467836,1.2321436812926323,2.3130563928613412,4.1588830833596715,4.564348191467836,4.1588830833596715,4.564348191467836,2.0794415416798357])
(1048576,[0],[1.4733057381095203])
(1048576,[65,97,3139,3159,3365,3370,3543,3555,70825,96727,97921,98256,107877,109267,114801,155781,246605,269114,288923,384445,390388,416689,419279,448037,498472,615551,617755,619928,644899,664252,803206,809427,834883,859138,897965,905202,936012,946200,985387,1024415,1044860],[2.367123614131617,4.1588830833596715,1.9616585060234524,2.122001156098632,5.470524502627906,2.4288882083864625,1.2144441041932312,1.4962952563342191,3.060270794691562,3.5911570844440863,2.6925460145662448,2.367123614131617,2.5494451709255714,2.3130563928613412,1.2321436812926323,4.564348191467836,4.564348191467836,4.564348191467836,4.564348191467836,4.564348191467836,6.3561076606958915,4.564348191467836,4.1588830833596715,4.564348191467836,4.564348191467836,4.564348191467836,2.6925460145662448,3.648057459593681,4.564348191467836,3.648057459593681,4.1588830833596715,4.564348191467836,4.564348191467836,3.311585222972468,4.564348191467836,3.871201010907891,4.564348191467836,7.296114919187362,4.1588830833596715,4.564348191467836,1.4733057381095203])
(1048576,[0],[1.4733057381095203])
(1048576,[65,97,2130,2373,2511,3122,3139,3159,3357,3365,3370,3543,3551,3555,3707,6058,13932,23756,55234,59197,84049,96727,101577,107877,109267,114801,117694,169283,176439,178883,191929,194207,203409,226947,231010,236373,269953,274297,280201,294425,295103,360566,380536,384318,395847,423017,424503,457909,460252,463486,466360,499918,504006,509713,530285,582087,616317,620664,636055,685327,691832,706998,762284,763774,860967,903709,908880,918742,932737,933168,933424,970856,981232,985387,986274,992640,1028378,1044860],[2.367123614131617,6.931471805599453,4.1588830833596715,2.5494451709255714,4.564348191467836,4.939732378150671,1.9616585060234524,2.122001156098632,3.311585222972468,1.8235081675426352,3.6433323125796937,1.2144441041932312,2.772588722239781,1.4962952563342191,4.705847753741535,2.2129729343043585,4.564348191467836,4.564348191467836,4.564348191467836,4.564348191467836,2.1664529186694654,4.788209445925449,2.038619547159581,5.098890341851143,2.3130563928613412,4.928574725170529,6.931471805599453,4.564348191467836,4.564348191467836,4.564348191467836,4.1588830833596715,4.564348191467836,2.3130563928613412,3.871201010907891,4.1588830833596715,8.578800297688232,4.564348191467836,4.564348191467836,4.564348191467836,4.564348191467836,3.648057459593681,4.564348191467836,4.564348191467836,11.613603032723674,4.332905837338931,4.564348191467836,4.1588830833596715,4.564348191467836,3.060270794691562,4.1588830833596715,4.564348191467836,3.648057459593681,2.3130563928613412,7.742402021815782,8.864730837101208,3.871201010907891,3.1780538303479458,3.648057459593681,4.564348191467836,4.564348191467836,4.564348191467836,4.564348191467836,3.648057459593681,4.564348191467836,4.564348191467836,2.954910279033736,4.564348191467836,4.1588830833596715,4.1588830833596715,4.564348191467836,2.3130563928613412,4.564348191467836,13.693044574403508,4.1588830833596715,4.1588830833596715,2.859600099229411,3.4657359027997265,1.4733057381095203])
(1048576,[0],[1.4733057381095203])
(1048576,[3117,3139,3159,3370,3551,3555,3707,5747,6058,40126,49436,70825,75477,89079,96852,101577,104361,110182,114801,117694,144015,175177,175246,175868,227755,231010,270252,307107,313408,328284,365124,379568,384318,386451,466607,505627,516116,530285,659642,670212,706113,711010,711227,711689,765428,823814,859138,900039,909968,957433,1013657,1028378,1047994],[4.332905837338931,1.9616585060234524,2.122001156098632,2.4288882083864625,2.772588722239781,2.9925905126684382,4.705847753741535,4.564348191467836,8.851891737217434,9.128696382935672,4.564348191467836,6.120541589383124,4.1588830833596715,4.564348191467836,5.775872585557733,2.038619547159581,3.871201010907891,2.859600099229411,3.696431043877897,6.931471805599453,2.772588722239781,4.564348191467836,4.564348191467836,3.1780538303479458,4.564348191467836,4.1588830833596715,3.1780538303479458,4.1588830833596715,4.564348191467836,2.6925460145662448,4.564348191467836,3.871201010907891,3.871201010907891,4.564348191467836,4.1588830833596715,4.564348191467836,4.564348191467836,2.954910279033736,4.564348191467836,4.564348191467836,3.871201010907891,4.564348191467836,4.564348191467836,4.564348191467836,4.564348191467836,4.564348191467836,6.623170445944936,2.6925460145662448,3.871201010907891,4.564348191467836,4.564348191467836,3.4657359027997265,4.564348191467836])
(1048576,[0],[1.4733057381095203])
(1048576,[97,3122,3139,3370,3543,3551,3555,21548,24877,30620,30978,49512,84049,92143,96727,98256,103051,103066,109267,114801,117480,119528,163600,170489,174976,187798,204573,241610,287083,348596,371920,394952,413089,413342,438522,461877,479425,479740,492355,492508,499918,528718,530285,537030,548659,575899,580425,617755,664398,668457,668646,725435,738134,759255,770037,845687,863603,868974,870395,871745,893459,916240,933424,933495,984916,1001301,1009260,1011314,1037100,1039497,1043899,1044860],[6.931471805599453,11.5260422156849,1.9616585060234524,1.2144441041932312,7.286664625159387,5.545177444479562,2.9925905126684382,4.564348191467836,4.1588830833596715,4.564348191467836,4.564348191467836,3.311585222972468,6.499358756008396,4.1588830833596715,5.985261807406811,2.367123614131617,4.1588830833596715,2.954910279033736,2.3130563928613412,2.4642873625852646,4.564348191467836,4.1588830833596715,2.618438042412523,4.564348191467836,3.648057459593681,4.564348191467836,4.564348191467836,4.564348191467836,4.564348191467836,9.128696382935672,4.1588830833596715,4.564348191467836,3.060270794691562,2.954910279033736,4.564348191467836,4.564348191467836,4.1588830833596715,4.564348191467836,3.060270794691562,4.564348191467836,3.648057459593681,4.564348191467836,5.909820558067472,4.564348191467836,4.564348191467836,4.564348191467836,3.4657359027997265,2.6925460145662448,4.564348191467836,4.564348191467836,3.871201010907891,4.564348191467836,4.564348191467836,4.564348191467836,4.1588830833596715,4.564348191467836,4.1588830833596715,4.564348191467836,4.564348191467836,4.564348191467836,4.564348191467836,4.564348191467836,2.3130563928613412,2.0794415416798357,4.1588830833596715,4.564348191467836,4.564348191467836,4.564348191467836,4.564348191467836,4.1588830833596715,3.871201010907891,1.4733057381095203])
(1048576,[0],[1.4733057381095203])
(1048576,[97,3117,3139,3543,88400,96673,96727,98256,103051,109267,114801,117694,144015,191660,195136,264207,410732,413224,432056,450939,500097,530285,536537,591647,713128,794117,810939,849414,858630,933424,933495,991191,1043899,1044860],[1.3862943611198906,2.1664529186694654,1.9616585060234524,1.2144441041932312,4.564348191467836,3.311585222972468,1.1970523614813622,2.367123614131617,4.1588830833596715,2.3130563928613412,1.2321436812926323,3.4657359027997265,2.772588722239781,4.564348191467836,4.564348191467836,4.564348191467836,2.5494451709255714,3.1780538303479458,4.564348191467836,9.128696382935672,7.296114919187362,8.864730837101208,3.311585222972468,4.564348191467836,8.317766166719343,4.564348191467836,4.564348191467836,4.564348191467836,4.564348191467836,2.3130563928613412,2.0794415416798357,4.564348191467836,3.871201010907891,1.4733057381095203])
(1048576,[0],[1.4733057381095203])
(1048576,[1784,3122,3139,3166,3365,3370,3543,3707,52467,56738,70825,84049,96511,96727,96852,97391,99456,101143,107348,107877,114801,120070,152265,176364,211797,211843,218901,263935,270207,294443,294750,348217,363205,383347,395847,402184,410732,413089,413095,413224,422564,485652,504006,516225,530285,535120,540909,541770,551265,565911,597154,626837,655156,664252,667264,671615,683061,705826,711165,739666,765254,770037,798332,798345,821111,852877,859138,867404,868341,903709,904706,905202,932737,933495,935941,954883,968985,970004,993771],[4.1588830833596715,1.6465774593835572,1.9616585060234524,3.871201010907891,7.294032670170541,1.2144441041932312,4.857776416772925,1.5686159179138452,4.564348191467836,3.648057459593681,3.060270794691562,2.1664529186694654,8.317766166719343,8.379366530369536,11.551745171115465,3.871201010907891,4.564348191467836,4.564348191467836,4.1588830833596715,2.5494451709255714,2.4642873625852646,19.356005054539455,13.693044574403508,3.648057459593681,5.719200198458822,6.3561076606958915,3.871201010907891,4.1588830833596715,4.1588830833596715,4.564348191467836,3.648057459593681,3.648057459593681,3.4657359027997265,9.128696382935672,2.1664529186694654,3.871201010907891,2.5494451709255714,3.060270794691562,4.859727636904187,6.3561076606958915,4.564348191467836,2.772588722239781,11.565281964306706,4.564348191467836,5.909820558067472,4.564348191467836,4.564348191467836,4.564348191467836,4.564348191467836,3.1780538303479458,4.564348191467836,2.954910279033736,4.564348191467836,3.648057459593681,4.1588830833596715,3.871201010907891,3.871201010907891,4.1588830833596715,4.564348191467836,4.1588830833596715,8.317766166719343,8.317766166719343,4.564348191467836,4.564348191467836,4.564348191467836,4.1588830833596715,3.311585222972468,4.564348191467836,9.128696382935672,8.864730837101208,4.1588830833596715,3.871201010907891,4.1588830833596715,12.476649250079014,4.564348191467836,4.1588830833596715,9.128696382935672,4.564348191467836,6.120541589383124])
(1048576,[0],[1.4733057381095203])
(1048576,[3543,211092,849784],[1.2144441041932312,2.772588722239781,4.564348191467836])
(1048576,[97,2125,3370,3543,91744,114801,117487,203409,292454,306466,316420,378994,384318,413095,416106,665152,719093,836000,992640,1009029],[4.1588830833596715,3.4657359027997265,1.2144441041932312,1.2144441041932312,3.648057459593681,1.2321436812926323,3.871201010907891,2.3130563928613412,4.564348191467836,4.564348191467836,4.1588830833596715,4.564348191467836,3.871201010907891,1.6199092123013956,3.871201010907891,3.871201010907891,4.564348191467836,4.564348191467836,2.859600099229411,4.564348191467836])
(1048576,[0],[1.4733057381095203])
(1048576,[97,3117,3122,3139,3370,3543,3551,3555,3707,6058,37925,69146,70424,73230,84049,86728,87101,96727,96852,97921,113720,114801,116103,139708,147080,168792,175868,176023,184200,192365,193250,198126,211843,211921,217609,226650,230638,235709,256773,263665,271278,274235,290211,301555,316420,316489,324313,332138,344817,347102,355897,368359,371920,373222,390236,390388,413089,413095,413224,413342,437669,440633,459524,460501,460924,462592,466607,479315,496198,501005,504006,508606,518593,559260,559452,567082,591209,593489,614489,629093,674902,683815,691855,695129,778708,824587,862994,877411,892609,925786,926483,933426,933495,954201,986696,989856,994628,998102,1028378,1033917,1044860],[4.1588830833596715,8.665811674677862,1.6465774593835572,1.9616585060234524,6.072220520966156,6.072220520966156,5.545177444479562,4.488885769002657,6.274463671655381,2.2129729343043585,4.564348191467836,4.564348191467836,4.564348191467836,4.1588830833596715,10.832264593347327,4.564348191467836,4.564348191467836,3.5911570844440863,5.775872585557733,2.6925460145662448,3.871201010907891,3.696431043877897,7.296114919187362,4.564348191467836,4.564348191467836,3.871201010907891,3.1780538303479458,3.4657359027997265,4.564348191467836,4.1588830833596715,4.564348191467836,4.1588830833596715,3.1780538303479458,4.564348191467836,4.1588830833596715,3.648057459593681,4.564348191467836,4.564348191467836,3.648057459593681,4.564348191467836,4.564348191467836,4.1588830833596715,4.1588830833596715,4.564348191467836,4.1588830833596715,4.564348191467836,4.564348191467836,4.564348191467836,3.871201010907891,4.1588830833596715,4.564348191467836,4.564348191467836,4.1588830833596715,4.564348191467836,4.564348191467836,3.1780538303479458,3.060270794691562,3.2398184246027912,6.3561076606958915,2.954910279033736,4.564348191467836,4.564348191467836,4.564348191467836,4.1588830833596715,4.564348191467836,4.564348191467836,4.1588830833596715,4.564348191467836,4.564348191467836,4.564348191467836,2.3130563928613412,3.311585222972468,4.564348191467836,4.564348191467836,3.1780538303479458,4.564348191467836,4.564348191467836,4.564348191467836,3.648057459593681,4.564348191467836,4.564348191467836,4.564348191467836,4.564348191467836,4.564348191467836,4.564348191467836,4.564348191467836,4.564348191467836,4.564348191467836,4.564348191467836,4.564348191467836,10.944172378781044,3.060270794691562,4.1588830833596715,3.871201010907891,4.564348191467836,4.564348191467836,4.564348191467836,4.564348191467836,3.4657359027997265,4.1588830833596715,1.4733057381095203])
(1048576,[0],[1.4733057381095203])
(1048576,[97,2333,3122,3365,3370,3543,3551,3555,3707,6058,36225,62687,66548,66669,84049,84090,84593,89507,95021,96727,96852,103066,103314,107877,108960,111875,114801,125921,168427,168792,192365,198126,211797,236373,243393,256773,328284,360224,371064,383029,387098,392252,402184,407607,413089,416106,425754,427434,485652,496415,508444,508606,536704,553150,615577,634461,664252,671454,676155,730924,746179,778455,827107,841991,843348,882199,922668,926483,933424,992640,993771,1008157],[2.772588722239781,4.564348191467836,1.6465774593835572,1.8235081675426352,1.2144441041932312,7.286664625159387,2.772588722239781,5.9851810253368765,6.274463671655381,4.425945868608717,4.564348191467836,4.564348191467836,4.564348191467836,4.564348191467836,2.1664529186694654,4.564348191467836,4.564348191467836,4.564348191467836,4.564348191467836,2.3941047229627244,1.9252908618525775,2.954910279033736,4.1588830833596715,2.5494451709255714,4.564348191467836,4.564348191467836,12.321436812926322,4.564348191467836,4.564348191467836,7.742402021815782,4.1588830833596715,4.1588830833596715,2.859600099229411,2.859600099229411,4.564348191467836,3.648057459593681,2.6925460145662448,4.564348191467836,4.564348191467836,4.564348191467836,4.564348191467836,4.564348191467836,3.871201010907891,4.564348191467836,3.060270794691562,7.742402021815782,4.564348191467836,4.564348191467836,2.772588722239781,4.564348191467836,4.564348191467836,3.311585222972468,4.564348191467836,4.564348191467836,4.564348191467836,4.564348191467836,3.648057459593681,4.564348191467836,4.564348191467836,4.564348191467836,8.317766166719343,3.4657359027997265,4.564348191467836,4.564348191467836,4.564348191467836,4.564348191467836,3.648057459593681,3.648057459593681,2.3130563928613412,2.859600099229411,3.060270794691562,4.564348191467836])
(1048576,[0],[1.4733057381095203])
(1048576,[97,3122,3159,3370,3543,3555,3707,6058,49122,82774,84049,91363,96673,96727,96852,101577,114801,182051,199008,226650,288299,361846,485652,502090,524314,620046,653494,654267,667264,677863,817812,882856,890641,891163,926483,962110,993771,1022646],[2.772588722239781,1.6465774593835572,4.244002312197264,3.6433323125796937,1.2144441041932312,1.4962952563342191,1.5686159179138452,2.2129729343043585,4.564348191467836,4.564348191467836,2.1664529186694654,4.564348191467836,3.311585222972468,1.1970523614813622,1.9252908618525775,4.077239094319162,4.928574725170529,3.871201010907891,7.742402021815782,3.648057459593681,4.564348191467836,4.564348191467836,5.545177444479562,4.564348191467836,4.564348191467836,4.564348191467836,4.564348191467836,4.564348191467836,4.1588830833596715,4.564348191467836,4.564348191467836,4.1588830833596715,4.564348191467836,3.311585222972468,3.648057459593681,4.564348191467836,3.060270794691562,4.564348191467836])
(1048576,[0],[1.4733057381095203])
(1048576,[50,97,2373,3122,3159,3365,3370,3543,3555,3707,6058,44528,54609,55521,62569,67103,88803,96727,96852,101487,101577,104616,113596,114801,117481,126596,163600,168792,172441,175868,199008,228783,247060,270252,274235,279890,301469,307061,336797,347895,361468,376934,380539,395847,402469,413095,413342,419279,429882,453565,457428,457732,460252,469660,479425,480991,485652,490802,500097,501530,502586,511656,519877,524071,525955,530285,532779,536124,536701,538273,547418,548824,568633,577900,582087,619928,624461,639886,679824,714408,733981,739741,795801,798496,813240,816514,853635,876162,900378,913938,926209,926483,928459,933495,954883,960183,974361,993771,1026088,1044860,1045096],[4.564348191467836,5.545177444479562,2.5494451709255714,8.232887296917786,2.122001156098632,5.470524502627906,2.4288882083864625,6.072220520966156,2.9925905126684382,3.1372318358276905,2.2129729343043585,3.871201010907891,4.564348191467836,4.1588830833596715,2.954910279033736,4.564348191467836,4.564348191467836,5.985261807406811,1.9252908618525775,4.564348191467836,8.154478188638324,4.1588830833596715,4.564348191467836,8.625005769048427,10.39720770839918,4.564348191467836,2.618438042412523,3.871201010907891,3.871201010907891,3.1780538303479458,3.871201010907891,4.564348191467836,4.564348191467836,3.1780538303479458,4.1588830833596715,4.564348191467836,4.564348191467836,3.871201010907891,4.564348191467836,4.564348191467836,4.564348191467836,4.1588830833596715,4.1588830833596715,2.1664529186694654,4.564348191467836,1.6199092123013956,2.954910279033736,4.1588830833596715,8.317766166719343,5.719200198458822,4.564348191467836,4.564348191467836,3.060270794691562,4.564348191467836,4.1588830833596715,4.564348191467836,2.772588722239781,4.564348191467836,3.648057459593681,4.564348191467836,3.4657359027997265,4.564348191467836,4.564348191467836,4.564348191467836,9.128696382935672,5.909820558067472,4.564348191467836,4.564348191467836,4.1588830833596715,4.564348191467836,4.564348191467836,4.564348191467836,4.564348191467836,4.564348191467836,7.742402021815782,3.648057459593681,4.564348191467836,4.564348191467836,4.564348191467836,4.1588830833596715,4.564348191467836,3.871201010907891,4.564348191467836,4.564348191467836,3.4657359027997265,4.564348191467836,4.564348191467836,4.564348191467836,4.1588830833596715,4.564348191467836,4.564348191467836,3.648057459593681,4.564348191467836,2.0794415416798357,4.1588830833596715,8.317766166719343,4.564348191467836,3.060270794691562,4.564348191467836,2.9466114762190405,4.564348191467836])
(1048576,[0],[1.4733057381095203])
(1048576,[82995,319135],[4.1588830833596715,4.564348191467836])
(1048576,[34924,357516,744714],[4.564348191467836,4.564348191467836,4.564348191467836])
(1048576,[355641,747659],[4.564348191467836,4.564348191467836])
(1048576,[97,3370,62569,151750,200745,371786,909968,933424,1044860],[1.3862943611198906,1.2144441041932312,2.954910279033736,4.1588830833596715,4.564348191467836,4.564348191467836,3.871201010907891,2.3130563928613412,1.4733057381095203])
(1048576,[3707,155931,213513,298040,423558,437187,526032,564858,747415,778455,890744],[1.5686159179138452,4.1588830833596715,3.311585222972468,4.564348191467836,4.1588830833596715,4.564348191467836,4.1588830833596715,4.564348191467836,4.564348191467836,3.4657359027997265,4.564348191467836])
(1048576,[800094,1044860],[4.564348191467836,1.4733057381095203])
(1048576,[132765],[4.564348191467836])
(1048576,[1005867,1044860],[4.564348191467836,1.4733057381095203])
(1048576,[649803,811423],[4.564348191467836,4.564348191467836])
(1048576,[65,97,3370,3543,3555,3707,100571,101577,104545,114801,203409,340836,389726,413095,444117,470326,500723,579076,617755,620664,626839,682353,682373,788306,886522,903985,923108,959481,968229,1021273],[2.367123614131617,2.772588722239781,3.6433323125796937,2.4288882083864625,1.4962952563342191,3.1372318358276905,8.317766166719343,2.038619547159581,4.564348191467836,3.696431043877897,2.3130563928613412,4.564348191467836,4.564348191467836,1.6199092123013956,4.1588830833596715,3.871201010907891,4.1588830833596715,3.871201010907891,2.6925460145662448,3.648057459593681,3.1780538303479458,3.871201010907891,4.564348191467836,4.564348191467836,4.564348191467836,4.1588830833596715,4.564348191467836,8.317766166719343,3.871201010907891,4.564348191467836])
(1048576,[97,101272,144015,413095,442562,470326,494590,933424,1044860],[1.3862943611198906,4.564348191467836,2.772588722239781,1.6199092123013956,4.564348191467836,3.871201010907891,3.4657359027997265,2.3130563928613412,1.4733057381095203])
(1048576,[3543,96727,328284,470018,992640],[1.2144441041932312,1.1970523614813622,2.6925460145662448,4.564348191467836,2.859600099229411])
(1048576,[509252,650876,887481],[4.564348191467836,3.1780538303479458,4.564348191467836])
(1048576,[0],[1.4733057381095203])
(1048576,[30826,45870,47807,55325,65533,96727,105116,112137,119703,131068,144197,145724,189065,203806,214699,224179,311140,329199,329986,374964,377810,433382,455747,482006,495342,559452,565911,591456,612163,661887,715796,718897,798277,813343,837495,841450,855968,866495,875229,891362,922195,929107,932519,949233,1003857,1011677],[4.1588830833596715,4.564348191467836,4.564348191467836,4.564348191467836,3.871201010907891,1.1970523614813622,4.564348191467836,4.564348191467836,4.564348191467836,4.564348191467836,4.564348191467836,4.564348191467836,4.564348191467836,4.564348191467836,4.564348191467836,4.564348191467836,4.564348191467836,4.564348191467836,4.564348191467836,4.564348191467836,4.564348191467836,4.564348191467836,4.564348191467836,4.564348191467836,4.564348191467836,3.1780538303479458,3.1780538303479458,4.564348191467836,4.564348191467836,4.564348191467836,4.564348191467836,4.564348191467836,4.564348191467836,4.564348191467836,4.564348191467836,4.564348191467836,4.564348191467836,4.564348191467836,9.128696382935672,4.564348191467836,4.564348191467836,4.564348191467836,4.564348191467836,9.128696382935672,4.564348191467836,4.564348191467836])
(1048576,[38,537611,988815,1005214],[4.564348191467836,4.564348191467836,4.564348191467836,4.1588830833596715])
(1048576,[0],[1.4733057381095203])
(1048576,[3551,96727,230559,258714,395730,423558,505973,916738],[2.772588722239781,1.1970523614813622,4.564348191467836,4.564348191467836,3.4657359027997265,4.1588830833596715,3.4657359027997265,4.564348191467836])
(1048576,[44880,96727,101577,268614,395730,505973,559452,650876,990339],[3.871201010907891,1.1970523614813622,2.038619547159581,4.1588830833596715,3.4657359027997265,3.4657359027997265,3.1780538303479458,3.1780538303479458,4.564348191467836])
(1048576,[2670,44880,96727,101577,395730,450875,458377,505973,512145,874602],[4.564348191467836,3.871201010907891,1.1970523614813622,2.038619547159581,3.4657359027997265,4.564348191467836,4.564348191467836,3.4657359027997265,4.564348191467836,4.564348191467836])
(1048576,[13858,30826,96727,101577,395730,505973,565911],[4.564348191467836,4.1588830833596715,1.1970523614813622,2.038619547159581,3.4657359027997265,3.4657359027997265,3.1780538303479458])
(1048576,[96727,101577,395730,505973,565911,568080,635827,658425],[1.1970523614813622,2.038619547159581,3.4657359027997265,3.4657359027997265,3.1780538303479458,4.564348191467836,4.564348191467836,3.648057459593681])
(1048576,[171657,650876,867019],[4.1588830833596715,3.1780538303479458,4.564348191467836])
(1048576,[0,96727,279223,501475,918742,1020191],[1.4733057381095203,1.1970523614813622,4.564348191467836,4.564348191467836,4.1588830833596715,4.564348191467836])
(1048576,[69228,481908,813075],[4.564348191467836,4.1588830833596715,4.564348191467836])
(1048576,[0],[1.4733057381095203])
(1048576,[3139,3543,6058,98256,103066,103504,114801,119839,197402,254594,271833,287731,344067,481908,867938,922668,941604,942131],[1.9616585060234524,1.2144441041932312,2.2129729343043585,2.367123614131617,2.954910279033736,4.1588830833596715,2.4642873625852646,4.564348191467836,4.564348191467836,4.564348191467836,4.564348191467836,3.648057459593681,4.564348191467836,4.1588830833596715,4.564348191467836,3.648057459593681,4.564348191467836,4.564348191467836])
(1048576,[0],[1.4733057381095203])
(1048576,[307061],[3.871201010907891])
(1048576,[46462,107990],[4.564348191467836,4.1588830833596715])
(1048576,[2519,83025,563188,752988],[4.564348191467836,4.564348191467836,4.564348191467836,4.564348191467836])
(1048576,[0],[1.4733057381095203])
(1048576,[3365,3370,3543,27398,37492,62569,101577,107990,114801,211843,297548,393254,524542,753987,907732,1044860],[1.8235081675426352,1.2144441041932312,2.4288882083864625,4.564348191467836,3.871201010907891,2.954910279033736,2.038619547159581,4.1588830833596715,2.4642873625852646,3.1780538303479458,4.564348191467836,4.1588830833596715,4.564348191467836,4.564348191467836,4.1588830833596715,1.4733057381095203])
(1048576,[0],[1.4733057381095203])
(1048576,[307061],[3.871201010907891])
(1048576,[49675,168598,209187,223330,382639,488675],[4.1588830833596715,3.871201010907891,4.564348191467836,4.1588830833596715,4.1588830833596715,4.1588830833596715])
(1048576,[49675,168598,223330,341727,382639,488675],[4.1588830833596715,3.871201010907891,4.1588830833596715,4.564348191467836,4.1588830833596715,4.1588830833596715])
(1048576,[44880,96727,101577,559452,826239,1005214,1035353,1047869],[3.871201010907891,1.1970523614813622,2.038619547159581,3.1780538303479458,4.564348191467836,4.1588830833596715,4.564348191467836,4.564348191467836])
(1048576,[211092,781107],[2.772588722239781,4.564348191467836])
(1048576,[3370,3543,71541,79430,96727,100115,103066,114801,360859,383574,413095,536251,565404,651696,661354,705278,774035,921054,960183,1044860],[1.2144441041932312,3.6433323125796937,4.564348191467836,4.564348191467836,1.1970523614813622,8.317766166719343,2.954910279033736,4.928574725170529,4.1588830833596715,4.1588830833596715,4.859727636904187,3.871201010907891,4.564348191467836,4.564348191467836,3.1780538303479458,8.317766166719343,4.564348191467836,4.564348191467836,4.1588830833596715,2.9466114762190405])
(1048576,[211092,699699],[2.772588722239781,4.564348191467836])
(1048576,[97,3365,3370,3555,96852,114801,258869,390388,496725,508606,616317,661354,671615,705278,892142,933424,933426,933495,971440,995303,1009241],[1.3862943611198906,1.8235081675426352,1.2144441041932312,1.4962952563342191,1.9252908618525775,1.2321436812926323,4.1588830833596715,3.1780538303479458,9.128696382935672,3.311585222972468,3.1780538303479458,3.1780538303479458,3.871201010907891,4.1588830833596715,4.564348191467836,2.3130563928613412,3.060270794691562,2.0794415416798357,4.1588830833596715,4.564348191467836,4.564348191467836])
(1048576,[600908],[4.564348191467836])
(1048576,[211092,385883],[2.772588722239781,4.564348191467836])
(1048576,[65,3117,3122,3182,3370,3543,3555,100913,110182,114801,246651,270252,287731,395847,413095,494590,536251,588490,1006379,1044860],[2.367123614131617,2.1664529186694654,1.6465774593835572,4.564348191467836,1.2144441041932312,1.2144441041932312,1.4962952563342191,4.564348191467836,5.719200198458822,1.2321436812926323,4.564348191467836,3.1780538303479458,3.648057459593681,2.1664529186694654,1.6199092123013956,3.4657359027997265,3.871201010907891,3.871201010907891,4.564348191467836,1.4733057381095203])
(1048576,[211092,1025572],[2.772588722239781,4.564348191467836])
(1048576,[65,3370,3707,103066,163600,283140,318735,413342,494771,504006,616317,737627,762284,848243,933426,1044860],[2.367123614131617,1.2144441041932312,1.5686159179138452,2.954910279033736,2.618438042412523,4.564348191467836,3.4657359027997265,2.954910279033736,4.564348191467836,2.3130563928613412,3.1780538303479458,4.564348191467836,3.648057459593681,3.4657359027997265,3.060270794691562,1.4733057381095203])
(1048576,[201641,211092],[4.564348191467836,2.772588722239781])
(1048576,[65,97,3122,3370,3555,56738,114801,307849,395847,413095,494590,509434,569225,588490,663994,910225,1044860],[2.367123614131617,1.3862943611198906,1.6465774593835572,1.2144441041932312,1.4962952563342191,3.648057459593681,1.2321436812926323,4.564348191467836,2.1664529186694654,1.6199092123013956,3.4657359027997265,4.564348191467836,4.564348191467836,3.871201010907891,3.871201010907891,4.564348191467836,2.9466114762190405])
(1048576,[655237],[4.564348191467836])
(1048576,[53764,81682,293337],[3.648057459593681,4.1588830833596715,3.648057459593681])
(1048576,[3139,3159,3370,3555,3707,45117,102929,107877,110182,114801,198239,211797,218901,296484,336325,351562,389946,413089,413342,565911,596499,677209,705826,770942,806630,815663,822674,903709,933495,973225,987185,1043899,1044860,1044862],[3.9233170120469048,6.3660034682958955,2.4288882083864625,1.4962952563342191,1.5686159179138452,4.564348191467836,3.871201010907891,5.098890341851143,2.859600099229411,2.4642873625852646,3.4657359027997265,2.859600099229411,3.871201010907891,4.564348191467836,4.564348191467836,4.1588830833596715,4.564348191467836,3.060270794691562,2.954910279033736,3.1780538303479458,7.742402021815782,4.564348191467836,4.1588830833596715,4.564348191467836,3.060270794691562,4.564348191467836,4.564348191467836,2.954910279033736,4.1588830833596715,4.564348191467836,4.564348191467836,3.871201010907891,1.4733057381095203,4.1588830833596715])
(1048576,[0],[1.4733057381095203])
(1048576,[65,97,3139,3365,3370,3543,3555,81682,96727,96852,113762,149895,259141,270252,351562,369985,413095,482825,502586,508978,596499,661354,677950,678147,732882,765481,784315,806630,842663,933495,1038013,1039652,1044862],[2.367123614131617,1.3862943611198906,1.9616585060234524,1.8235081675426352,1.2144441041932312,1.2144441041932312,2.9925905126684382,4.1588830833596715,1.1970523614813622,1.9252908618525775,4.564348191467836,3.648057459593681,4.564348191467836,3.1780538303479458,4.1588830833596715,3.311585222972468,1.6199092123013956,4.564348191467836,3.4657359027997265,4.564348191467836,3.871201010907891,3.1780538303479458,4.564348191467836,3.4657359027997265,4.564348191467836,4.564348191467836,4.564348191467836,6.120541589383124,4.564348191467836,2.0794415416798357,4.564348191467836,4.1588830833596715,4.1588830833596715])
(1048576,[0],[1.4733057381095203])
(1048576,[3159,3357,3370,3371,3543,3707,6058,13020,24877,38444,96727,100115,224427,226650,241441,362839,383620,413212,420872,431490,493597,615559,668646,946956,950239,986241,1044860],[2.122001156098632,3.311585222972468,2.4288882083864625,6.120541589383124,1.2144441041932312,1.5686159179138452,2.2129729343043585,4.1588830833596715,4.1588830833596715,4.564348191467836,1.1970523614813622,4.1588830833596715,4.564348191467836,3.648057459593681,4.564348191467836,4.564348191467836,4.564348191467836,4.564348191467836,4.1588830833596715,4.564348191467836,4.564348191467836,4.564348191467836,3.871201010907891,4.564348191467836,4.1588830833596715,3.871201010907891,1.4733057381095203])
(1048576,[0],[1.4733057381095203])
(1048576,[3370,3543,99426,114801,124934,144132,168598,211843,279277,290982,342180,343487,492355,508488,564495,650876,668646,762412,928626,933495],[2.4288882083864625,1.2144441041932312,4.564348191467836,4.928574725170529,4.564348191467836,4.564348191467836,3.871201010907891,3.1780538303479458,4.564348191467836,4.564348191467836,4.564348191467836,4.1588830833596715,3.060270794691562,4.564348191467836,4.564348191467836,3.1780538303479458,3.871201010907891,4.564348191467836,3.648057459593681,2.0794415416798357])
(1048576,[0],[1.4733057381095203])
(1048576,[997858],[4.564348191467836])
(1048576,[82995,202244,269831,638291],[4.1588830833596715,4.564348191467836,4.564348191467836,4.564348191467836])
(1048576,[97,2373,3122,3139,3159,3166,3543,3551,3555,3707,6058,35911,62569,62923,65659,75411,84049,96727,96852,98256,99206,109267,114801,116750,163600,171437,222503,226916,226947,236373,238768,278359,297780,365516,380512,390388,392934,395847,408873,413095,424571,464408,468000,482443,492355,504006,524577,534763,536537,571293,611496,626839,649257,652572,653069,658425,663994,674037,683061,687000,691830,705815,707703,713956,738832,764149,813240,818505,837295,848243,903985,904053,927678,933424,933495,959184,1008405,1027939],[1.3862943611198906,5.098890341851143,3.2931549187671143,3.9233170120469048,4.244002312197264,3.871201010907891,3.6433323125796937,2.772588722239781,5.9851810253368765,1.5686159179138452,4.425945868608717,4.564348191467836,2.954910279033736,4.564348191467836,4.564348191467836,4.564348191467836,2.1664529186694654,4.788209445925449,7.70116344741031,4.734247228263234,4.564348191467836,2.3130563928613412,1.2321436812926323,4.564348191467836,7.85531412723757,4.564348191467836,4.564348191467836,4.1588830833596715,3.871201010907891,5.719200198458822,4.564348191467836,3.871201010907891,4.564348191467836,4.564348191467836,4.564348191467836,6.3561076606958915,4.564348191467836,2.1664529186694654,4.564348191467836,3.2398184246027912,4.564348191467836,4.564348191467836,4.564348191467836,4.564348191467836,3.060270794691562,4.6261127857226825,3.871201010907891,4.564348191467836,3.311585222972468,4.564348191467836,3.311585222972468,3.1780538303479458,4.564348191467836,4.564348191467836,4.1588830833596715,3.648057459593681,3.871201010907891,4.564348191467836,3.871201010907891,4.564348191467836,4.564348191467836,4.564348191467836,4.1588830833596715,4.564348191467836,4.564348191467836,4.564348191467836,3.4657359027997265,3.871201010907891,4.564348191467836,3.4657359027997265,4.1588830833596715,4.564348191467836,4.564348191467836,2.3130563928613412,8.317766166719343,4.1588830833596715,4.1588830833596715,3.871201010907891])
(1048576,[0],[1.4733057381095203])
(1048576,[97,3122,3139,3543,3555,3707,6058,49512,96727,96852,101423,107877,109267,110182,181417,185406,211843,213513,240985,256811,293503,383385,395847,413714,485652,567576,585798,594265,626837,626839,737472,762284,842123,859865,899752,906374,933424,933495,1027939],[1.3862943611198906,1.6465774593835572,1.9616585060234524,1.2144441041932312,1.4962952563342191,1.5686159179138452,2.2129729343043585,3.311585222972468,2.3941047229627244,1.9252908618525775,4.1588830833596715,2.5494451709255714,2.3130563928613412,2.859600099229411,4.564348191467836,4.564348191467836,3.1780538303479458,3.311585222972468,4.564348191467836,4.564348191467836,3.871201010907891,3.648057459593681,2.1664529186694654,4.564348191467836,2.772588722239781,4.564348191467836,3.648057459593681,6.931471805599453,2.954910279033736,3.1780538303479458,4.564348191467836,3.648057459593681,4.1588830833596715,9.128696382935672,4.564348191467836,4.1588830833596715,2.3130563928613412,2.0794415416798357,3.871201010907891])
(1048576,[0],[1.4733057381095203])
(1048576,[3122,3159,3365,3543,3707,6202,16723,49512,84049,96727,96852,114801,144015,171657,176364,205007,226650,276152,297980,328284,343487,372590,395301,395847,413095,486618,486622,523347,525957,530285,571808,650876,663285,665152,687221,687406,710239,739666,792766,802519,852877,853374,900039,903709,913934,922668,928626,985494,985509,987886,1023019,1027713],[1.6465774593835572,2.122001156098632,3.6470163350852705,4.857776416772925,3.1372318358276905,4.1588830833596715,3.871201010907891,3.311585222972468,2.1664529186694654,3.5911570844440863,3.850581723705155,3.696431043877897,2.772588722239781,4.1588830833596715,3.648057459593681,4.564348191467836,3.648057459593681,4.1588830833596715,3.871201010907891,10.770184058264979,4.1588830833596715,4.564348191467836,4.564348191467836,2.1664529186694654,1.6199092123013956,4.564348191467836,4.564348191467836,4.564348191467836,4.564348191467836,2.954910279033736,4.564348191467836,9.534161491043838,4.564348191467836,3.871201010907891,3.648057459593681,4.564348191467836,4.1588830833596715,4.1588830833596715,13.693044574403508,4.564348191467836,16.635532333438686,4.564348191467836,2.6925460145662448,2.954910279033736,4.564348191467836,3.648057459593681,7.296114919187362,4.564348191467836,4.564348191467836,4.564348191467836,4.564348191467836,4.564348191467836])
(1048576,[0],[1.4733057381095203])
(1048576,[97,3122,3365,3370,3371,3543,3555,3707,47995,55521,62569,70825,89578,96727,97391,98190,114801,116103,117481,199008,203415,230584,271381,278423,294750,317321,354524,381062,398105,410599,413095,414130,426266,530285,546222,597850,615056,619928,638081,667208,707034,765254,809442,838891,859138,900378,969631,992559,1039506,1044860],[4.1588830833596715,1.6465774593835572,3.6470163350852705,1.2144441041932312,3.060270794691562,4.857776416772925,4.488885769002657,3.1372318358276905,4.564348191467836,4.1588830833596715,5.909820558067472,3.060270794691562,4.564348191467836,1.1970523614813622,3.871201010907891,4.564348191467836,7.392862087755794,3.648057459593681,3.4657359027997265,3.871201010907891,4.564348191467836,4.564348191467836,4.564348191467836,4.564348191467836,3.648057459593681,4.564348191467836,4.564348191467836,4.564348191467836,4.564348191467836,4.564348191467836,1.6199092123013956,4.564348191467836,4.564348191467836,2.954910279033736,4.564348191467836,4.564348191467836,4.564348191467836,3.648057459593681,4.564348191467836,4.564348191467836,4.564348191467836,4.1588830833596715,4.564348191467836,4.564348191467836,3.311585222972468,4.1588830833596715,4.564348191467836,4.1588830833596715,4.564348191467836,4.419917214328561])
(1048576,[0],[1.4733057381095203])
(1048576,[3543,255426,551001],[1.2144441041932312,4.564348191467836,4.1588830833596715])
(1048576,[353770],[4.564348191467836])
(1048576,[2125,3159,3370,96727,96748,114801,127794,363205,413095,653069,891163,897060,1027939,1044860],[3.4657359027997265,2.122001156098632,2.4288882083864625,1.1970523614813622,3.1780538303479458,1.2321436812926323,4.564348191467836,3.4657359027997265,1.6199092123013956,4.1588830833596715,3.311585222972468,4.564348191467836,3.871201010907891,2.9466114762190405])
(1048576,[835921],[4.564348191467836])
(1048576,[3117,3122,3365,3543,3555,6058,18934,62888,73230,96727,114801,155931,179454,203409,321984,360859,383574,413342,492355,498939,515039,522840,536249,583169,614489,626837,629148,658425,661354,763100,786085,793568,893593,900039,905318,909767,933421,933495,992640,1042102],[2.1664529186694654,1.6465774593835572,3.6470163350852705,2.4288882083864625,1.4962952563342191,2.2129729343043585,4.564348191467836,4.564348191467836,4.1588830833596715,1.1970523614813622,1.2321436812926323,4.1588830833596715,4.1588830833596715,2.3130563928613412,3.871201010907891,4.1588830833596715,4.1588830833596715,2.954910279033736,3.060270794691562,3.871201010907891,4.1588830833596715,4.564348191467836,3.871201010907891,4.1588830833596715,3.648057459593681,5.909820558067472,4.1588830833596715,3.648057459593681,3.1780538303479458,4.564348191467836,4.1588830833596715,4.1588830833596715,3.871201010907891,2.6925460145662448,4.564348191467836,4.564348191467836,4.564348191467836,2.0794415416798357,2.859600099229411,4.564348191467836])
(1048576,[3117,3122,3555,3707,6058,65533,81248,110182,114801,236373,263939,395847,413095,470472,536249,663994,774460,813240,993771],[2.1664529186694654,1.6465774593835572,1.4962952563342191,1.5686159179138452,2.2129729343043585,3.871201010907891,4.564348191467836,2.859600099229411,1.2321436812926323,2.859600099229411,4.1588830833596715,2.1664529186694654,1.6199092123013956,4.564348191467836,3.871201010907891,3.871201010907891,4.564348191467836,3.4657359027997265,3.060270794691562])
(1048576,[3117,3122,3370,3707,6058,18570,65533,84947,97921,98256,109267,110182,114801,236373,308345,318735,363205,390259,395847,413095,842121,848243,876556,947873],[2.1664529186694654,1.6465774593835572,1.2144441041932312,1.5686159179138452,2.2129729343043585,4.1588830833596715,3.871201010907891,3.871201010907891,2.6925460145662448,2.367123614131617,2.3130563928613412,2.859600099229411,1.2321436812926323,2.859600099229411,4.564348191467836,3.4657359027997265,3.4657359027997265,4.564348191467836,2.1664529186694654,1.6199092123013956,4.564348191467836,6.931471805599453,4.564348191467836,4.564348191467836])
